1 1
1 2
1 3
1 4
1 5
1 6
1 7
1 8
1 9
1 10
1 11
1 12
1 13
1 14
1 15
1 16
1 17
1 18
1 19
1 20
1 21
1 22
1 23
1 25
1 24
1 26
1 27
1 28
1 29
1 30
1 31
1 32
1 33
1 34
1 35
1 36
2 36
3 36
4 36
5 36
6 36
7 36
8 36
9 36
10 36
11 36
12 36
13 36
14 36
15 36
16 36
17 36
18 36
19 36
20 36
21 36
22 36
23 36
24 36
25 36
26 36
27 36
28 36
29 36
30 36
31 36
32 36
33 36
34 36
35 36
36 36
37 36
38 36
39 36
40 36
41 36
42 36
43 36
44 36
45 36
46 36
47 36
48 36
49 36
50 36
51 36
52 36
53 36
54 36
55 36
56 36
57 36
58 36
59 36
60 36
61 36
62 36
63 36
64 36
65 36
66 36
67 36
68 36
69 36
70 36
71 36
72 36
73 36
74 36
75 36
76 36
2 1
3 1
4 1
5 1
6 1
7 1
8 1
9 1
10 1
11 1
12 1
13 1
14 1
15 1
16 1
17 1
18 1
19 1
20 1
21 1
22 1
23 1
24 1
25 1
26 1
27 1
28 1
29 1
30 1
31 1
32 1
33 1
34 1
35 1
36 1
37 1
38 1
39 1
40 1
41 1
42 1
43 1
44 1
45 1
46 1
47 1
48 1
49 1
50 1
51 1
52 1
53 1
54 1
55 1
56 1
57 1
58 1
59 1
60 1
61 1
62 1
63 1
64 1
65 1
66 1
67 1
68 1
69 1
70 1
71 1
72 1
73 1
74 1
75 1
76 1
76 2
76 3
76 4
76 5
76 6
76 7
76 8
76 9
76 10
76 11
76 12
76 13
76 14
76 15
76 16
76 17
76 18
76 19
76 20
76 21
76 22
76 23
76 24
76 25
76 26
76 27
76 28
76 29
76 30
76 31
76 32
76 33
76 34
76 35