13 2
14 2
15 2
16 2
17 2
18 2
19 2
20 2
20 3
21 3
22 3
23 3
23 2
22 2
21 2
19 3
18 3
17 3
16 3
15 3
14 3
13 3
13 4
13 5
14 5
14 4
15 4
16 4
17 4
18 4
18 5
19 5
20 5
21 5
22 5
22 4
23 4
21 4
20 4
19 4
16 5
15 5
17 5
23 5
24 5
25 5
26 5
27 5
28 5
29 5
30 5
31 5
32 5
33 5
34 5
35 5
36 5
37 5
37 6
38 6
39 6
40 6
41 6
42 6
43 6
44 6
45 6
46 6
46 5
45 5
44 5
13 6
13 7
13 8
13 9
13 10
13 11
13 12
13 13
13 14
14 14
15 14
16 14
17 14
18 14
19 14
20 14
21 14
21 13
22 13
23 13
24 13
25 13
26 13
27 13
28 13
29 13
30 13
31 13
32 13
33 13
34 13
23 14
22 14
24 14
25 14
26 14
27 14
28 14
29 14
30 14
31 14
32 14
33 14
34 14
35 14
36 14
37 14
38 14
39 14
40 14
41 14
42 14
43 14
44 14
45 14
46 14
47 14
47 13
47 12
46 12
46 13
45 13
44 13
43 13
42 13
41 13
40 13
39 13
38 13
37 13
36 13
35 13
32 12
33 12
34 12
35 12
36 12
37 12
38 12
38 11
39 11
40 11
41 11
42 11
42 12
43 12
44 12
45 12
41 12
40 12
39 12
31 12
30 12
29 12
28 12
27 12
27 11
26 11
25 11
25 12
24 12
23 12
22 12
20 12
19 12
21 12
26 12
24 11
23 10
22 10
21 10
20 10
19 10
18 10
17 10
16 10
15 10
15 11
15 12
14 12
14 13
14 11
15 13
16 13
17 13
17 12
18 12
18 11
19 11
19 13
18 13
16 12
16 11
17 11
20 13
20 11
21 11
22 11
23 11
14 10
14 9
14 8
14 7
14 6
15 6
15 7
15 8
15 9
16 7
16 6
17 6
17 7
17 8
17 9
16 8
19 6
19 7
19 8
19 9
20 6
20 7
18 8
18 9
18 7
18 6
16 9
20 8
20 9
21 8
21 7
21 6
23 6
22 6
22 7
22 8
22 9
21 9
23 7
23 8
23 9
24 6
25 6
25 7
25 8
25 9
25 10
24 10
24 9
26 6
26 7
24 8
24 7
26 4
26 3
27 3
27 4
27 6
26 8
27 7
27 8
26 9
26 10
28 6
29 6
29 7
28 7
28 8
28 9
27 10
27 9
30 6
31 6
31 7
30 8
29 9
29 10
28 10
29 8
32 7
33 7
34 6
35 6
35 7
34 7
34 8
33 8
33 9
32 9
31 10
30 10
30 7
32 6
33 6
32 8
31 9
28 11
32 10
29 11
31 8
34 9
35 9
33 10
30 9
32 11
33 11
34 11
35 11
36 11
36 10
37 10
38 10
39 10
40 10
37 11
31 11
34 10
35 10
37 9
38 9
30 11
36 7
37 7
38 7
39 7
38 8
37 8
36 9
36 6
36 8
35 8
40 7
40 8
40 9
39 8
40 5
39 9
41 8
41 7
42 7
42 8
41 9
41 10
43 7
43 8
43 9
42 9
42 10
44 7
45 7
45 8
45 9
44 9
44 10
44 11
43 11
43 10
44 8
45 10
46 7
46 8
46 9
46 10
46 11
47 6
47 7
47 8
47 9
47 11
47 10
45 11
42 5
41 5
39 5
38 5
40 4
41 4
42 4
43 4
44 4
45 4
46 4
43 5
39 4
38 4
37 4
36 4
34 4
33 4
32 4
31 4
30 4
29 4
28 4
25 4
24 4
35 4
30 3
29 3
28 3
25 3
24 3
24 2
25 2
26 2
27 2
28 2
29 2
30 2
31 2
32 2
33 2
34 2
35 2
36 2
37 2
38 2
39 2
40 2
41 2
42 2
43 2
44 2
45 2
46 2
47 2
47 3
47 4
47 5
46 3
45 3
44 3
43 3
42 3
41 3
40 3
39 3
38 3
37 3
36 3
35 3
34 3
33 3
32 3
31 3
48 14
49 14
50 14
51 14
52 14
53 14
54 14
55 14
56 14
57 14
58 14
59 14
60 14
61 14
62 14
63 14
63 13
63 12
63 11
63 10
63 9
63 8
63 7
63 6
63 5
63 4
63 3
63 2
62 2
61 2
60 2
59 2
58 2
57 2
56 2
55 2
54 2
53 2
52 2
51 2
50 2
49 2
48 2
48 4
48 3
49 3
49 4
49 5
49 6
49 7
49 8
48 8
48 7
50 5
50 4
50 6
50 7
49 9
48 9
48 10
48 6
48 5
48 11
49 10
49 11
48 12
48 13
49 12
50 11
50 10
50 9
51 9
51 8
51 7
50 8
49 13
50 13
50 12
51 12
52 12
52 11
53 11
53 10
52 10
51 10
51 11
51 13
53 12
54 12
55 12
55 11
52 13
54 11
54 10
55 10
55 9
53 13
54 13
55 13
56 13
57 12
58 12
59 12
60 12
61 12
62 12
62 13
61 13
60 13
59 13
58 13
57 13
56 12
56 11
56 10
56 9
56 8
56 7
57 9
57 10
57 11
58 10
58 9
58 8
58 7
58 6
58 5
59 5
59 6
59 7
59 8
59 9
59 10
59 11
60 8
60 7
61 7
61 8
61 9
61 10
61 11
62 7
62 6
62 8
62 9
62 10
60 11
58 11
60 10
60 9
62 11
54 9
53 9
52 9
52 8
51 6
52 6
53 6
53 7
54 7
55 7
55 8
54 8
53 8
57 8
57 6
57 5
56 5
55 5
55 6
54 6
52 7
57 7
56 6
54 5
53 5
52 5
51 5
51 4
50 3
51 3
52 3
53 3
54 3
55 3
56 3
57 3
58 3
59 3
60 3
61 3
62 3
62 4
62 5
61 6
60 6
60 5
60 4
61 4
61 5
59 4
58 4
57 4
56 4
52 4
53 4
54 4
55 4
12 14
12 13
12 12
12 11
12 10
12 9
12 8
12 7
12 6
12 5
12 4
12 3
12 2
2 5
3 5
3 6
2 6
2 7
3 7
3 8
2 8
2 9
3 9
3 10
2 10
2 11
2 12
2 13
2 14
3 14
3 13
3 12
3 11
3 15
2 15
2 16
3 16
2 35
3 35
4 35
5 35
5 34
4 34
3 34
2 34
2 33
3 33
4 33
5 33
5 32
4 32
3 32
2 32
2 31
3 31
4 31
5 31
5 30
4 30
3 30
2 30
2 29
3 29
4 29
5 29
5 28
4 28
3 28
2 28
13 26
14 26
15 26
16 26
17 26
18 26
18 27
17 27
16 27
15 27
14 27
13 27
13 28
14 28
15 28
16 28
17 28
18 28
18 29
17 29
16 29
16 30
15 30
14 30
13 30
13 29
14 29
15 29
14 31
13 31
14 32
13 32
15 32
15 31
16 31
17 31
17 32
16 32
18 32
18 31
18 30
17 30
19 26
20 26
21 26
22 26
23 26
24 26
25 26
26 26
27 26
28 26
28 27
28 28
28 29
28 30
28 31
27 31
26 31
26 30
26 29
27 30
27 29
27 28
27 27
26 27
25 27
25 28
26 28
24 27
23 27
22 27
21 27
20 27
19 27
19 28
20 28
21 28
22 28
23 28
24 28
25 29
24 29
23 29
22 29
21 29
20 29
19 29
19 30
20 30
21 30
22 30
23 30
24 30
25 30
25 31
24 31
23 31
22 31
21 31
20 31
19 31
19 32
20 32
21 32
22 32
23 32
24 32
25 32
26 32
27 32
28 32
16 33
17 33
18 33
21 33
22 33
23 33
24 33
75 2
75 3
75 4
75 5
75 6
75 7
75 8
75 9
75 10
75 11
75 12
75 13
75 14
59 35
59 33
59 34
58 35
58 34
58 33
57 33
57 34
57 35
56 35
56 34
56 33
58 31
58 32
57 31
57 32
56 31
56 32
55 35
54 35
53 35
52 35
51 35
50 35
49 35
48 35
47 35
46 35
45 35
44 35
43 35
42 35
41 35
40 35
40 31
40 32
40 33
40 34
41 31
42 31
42 30
43 30
43 31
44 31
45 31
46 31
47 31
48 31
49 31
50 31
51 31
52 31
53 31
54 31
55 31
55 32
55 33
55 34
54 34
54 33
54 32
53 34
52 34
52 33
52 32
53 32
53 33
51 33
51 34
50 34
49 34
49 33
50 33
50 32
51 32
48 34
48 33
47 33
48 32
49 32
47 34
47 32
46 33
46 34
45 34
45 33
45 32
46 32
44 34
44 33
44 32
43 33
42 34
42 33
41 33
41 32
42 32
43 32
41 34
43 34
