12 35
12 34
12 33
12 32
12 31
12 30
12 29
12 28
12 27
12 26
12 25
12 24
12 23
12 22
12 21
12 20
12 19
12 16
13 16
14 16
15 16
16 16
17 16
18 16
19 16
20 16
21 16
22 16
23 16
24 16
25 16
26 16
27 16
28 16
29 16
30 16
31 16
32 16
33 16
34 16
35 16
36 16
37 16
38 16
39 16
40 16
41 16
42 16
43 16
44 16
45 16
46 16
47 16
48 16
49 16
50 16
51 16
52 16
53 16
54 16
55 16
56 16
57 16
58 16
59 16
60 16
61 16
62 16
63 16
64 16
65 16
66 16
67 16
68 16
12 15
13 15
14 15
15 15
16 15
17 15
18 15
19 15
20 15
21 15
22 15
23 15
24 15
25 15
26 15
27 15
28 15
29 15
30 15
31 15
32 15
33 15
34 15
35 15
36 15
37 15
38 15
39 15
40 15
41 15
42 15
43 15
44 15
45 15
46 15
47 15
48 15
49 15
50 15
51 15
52 15
53 15
54 15
55 15
56 15
57 15
58 15
59 15
60 15
61 15
62 15
63 15
71 16
72 16
73 16
74 16
75 16
73 15
73 14
73 13
73 12
73 11
73 10
73 9
73 8
73 7
73 6
73 5
73 4
73 3
73 2
64 15
65 15
66 15
66 14
66 13
66 12
66 11
66 10
66 9
66 8
66 7
66 6
66 5
66 4
66 3
66 2
71 19
72 19
73 19
74 19
75 19
73 20
73 21
73 22
73 23
73 24
73 25
73 26
73 27
73 28
73 29
73 30
73 31
73 32
73 33
73 34
73 35
68 19
67 19
66 19
65 19
64 19
63 19
9 19
8 19
7 19
7 20
7 21
7 22
7 23
7 24
7 25
7 26
7 27
7 28
7 29
7 30
7 31
7 32
7 33
7 34
7 35
6 20
5 20
4 20
3 20
2 20
8 20
9 20
11 15
11 16
10 16
10 15
9 16
9 15
9 14
9 13
9 12
9 11
9 10
9 9
9 8
9 7
9 6
9 5
9 4
9 3
9 2
9 1
66 1
73 1
76 16
76 19
73 36
12 36
7 36
9 17
9 18
10 20
11 20
12 18
12 17
63 17
63 18
69 16
70 16
69 19
70 19
73 17
73 18